1 8495000 000000000000000000000000000000001000000000010000100001010100000010000001001 
2 8515000 000000000000000000000000000000000000000000000000010000000000000000000001001 
3 8535000 000000000000000000000000000000000100000000000000000000000000000001000001001 
4 8875000 000000000000000000000000000000001000001000010000000001110000000001000001011 
5 8895000 000000000000000000000000000000000000000000000000000001000100110111000001011 
6 8915000 000000000000000000000000000000000110011111111100010000000100011011000001011 
7 9215000 000000000000000000000000000000001000000000010000100001010100000010000001001 
8 9235000 000000000000000000000000000000000000000000000000010000000000000000000001001 
9 9255000 000000000000000000000000000000000100000000000000000000000000000001000001001 
10 9575000 000000000000000000000000000000001000001000010000000001110000000001000001011 
11 9595000 000000000000000000000000000000000000000000000000000001000100110111000001011 
12 9615000 000000000000000000000000000000000110011111111100010000000100011011000001011 
13 9915000 000000000000000000000000000000001000000000010000100001010100000010000001001 
14 9935000 000000000000000000000000000000000000000000000000010000000000001000000001001 
15 9955000 000000000000000000000000000000000100000000000000000000000000000001000001001 
16 10275000 000000000000000000000000000000001000001000010000000001110000000001000001011 
17 10295000 000000000000000000000000000000000000000001010000010001000100010011000001011 
18 10315000 000000000000000000000000000000000100000000001100000000001010010011000001011 
19 10615000 000000000000000000000000000000001000000000010000100001010100000010000001001 
20 10635000 000000000000000000000000000000000000000000000000010000000000001000000001001 
21 10655000 000000000000000000000000000000000100000000000000000000000000000001000001001 
22 10975000 000000000000000000000000000000001000001000010000000001110000000001000001011 
23 10995000 000000000000000000000000000000000000000001010000010001000100010011000001011 
24 11015000 000000000000000000000000000000000100000000001100000000001010010011000001011 
25 11315000 000000000000000000000000000000001000000000010000100001010100000010000001001 
26 11335000 000000000000000000000000000000000000000000000000010000000000010000000001001 
27 11355000 000000000000000000000000000000000100000000000000000000000000000001000001001 
28 11675000 000000000000000000000000000000001000001000010000000001110000000001000001011 
29 11695000 000000000000000000000000000000000000000000010000000000001100010011000001011 
30 11715000 000000000000000000000000000000000100000000011000101000010110110011000001011 
31 12015000 000000000000000000000000000000001000000000010000100001010100000010000001001 
32 12035000 000000000000000000000000000000000000000000000000010000000000010000000001001 
33 12055000 000000000000000000000000000000000100000000000000000000000000000001000001001 
34 12375000 000000000000000000000000000000001000001000010000000001110000000001000001011 
35 12395000 000000000000000000000000000000000000000000010000000000001100010011000001011 
36 12415000 000000000000000000000000000000000100000000011000101000010110110011000001011 
37 12715000 000000000000000000000000000000001000000000010000100001010100000010000001001 
38 12735000 000000000000000000000000000000000000000000000000010000000000011000000001001 
39 12755000 000000000000000000000000000000000100000000000000000000000000000001000001001 
40 13075000 000000000000000000000000000000001000001000010000000001110000000001000001011 
41 13095000 000000000000000000000000000000000000000000101100010010001000100011000001011 
42 13115000 000000000000000000000000000000000100000000010000010010001010000011000001011 
43 13415000 000000000000000000000000000000001000000000010000100001010100000010000001001 
44 13435000 000000000000000000000000000000000000000000000000010000000000011000000001001 
45 13455000 000000000000000000000000000000000100000000000000000000000000000001000001001 
46 13775000 000000000000000000000000000000001000001000010000000001110000000001000001011 
47 13795000 000000000000000000000000000000000000000000101100010010001000100011000001011 
48 13815000 000000000000000000000000000000000100000000010000010010001010000011000001011 
52 14115000 000000000000000000000000000000001000000000010000100001010100000010000001001 
53 14135000 000000000000000000000000000000000000000000000000010000000000100000000001001 
54 14155000 000000000000000000000000000000000100000000000000000000000000000001000001001 
55 14475000 000000000000000000000000000000001000001000010000000001110000000001000001011 
56 14495000 000000000000000000000000000000000000000000010101010000010100010011000001011 
57 14515000 000000000000000000000000000000000100000000101000010010010000100011000001011 
64 14975000 000000000000000000000000000000001000000000010000100001010100000010000001001 
65 14995000 000000000000000000000000000000000000000000000000010000000000100000000001001 
66 15015000 000000000000000000000000000000000100000000000000000000000000000001000001001 
67 15335000 000000000000000000000000000000001000001000010000000001110000000001000001011 
68 15355000 000000000000000000000000000000000000000000010101010000010100010011000001011 
69 15375000 000000000000000000000000000000000100000000101000010010010000100011000001011 
70 15675000 000000000000000000000000000000001000000000010000100001010100000010000001001 
71 15695000 000000000000000000000000000000000000000000000000010000000000101000000001001 
72 15715000 000000000000000000000000000000000100000000000000000000000000000001000001001 
73 16035000 000000000000000000000000000000001000001000010000000001110000000001000001011 
74 16055000 000000000000000000000000000000000011110001010000000010010101110011000001011 
75 16075000 000000000000000000000000000000000100000000000000000000000000000000000001011 
0 0 000000000000000000000000000000000000000000000000000000000000000000000000001