60 14630000 100000000001000000000000100000000000000000000000000000000000000100010001 
61 14650000 000000000000000000000000000000000010000000000000000000000000000100010001 
62 14670000 010000000000000000000000000000010000000000000000000000000000000100010001 
69 15330000 100000000001000000000000010000000000000000000000000000000000000100010001 
70 15350000 000000000000000000000000000000000010000000000000000000000000000000010001 
71 15370000 010000000000000000000000000000000000000000000000000000000000000010010001 
87 16890000 100000000001000000000000100000000000000000000000000000000000000100010001 
88 16910000 000000000000000000000000000000000010000000000000000000000000001000010001 
89 16930000 010000000000000000000000000000010100000000000000000000000000000101010001 
00 00000000 000000000000000000000000000000000000000000000000000000000000000000000001  
