0 7850000 000000000000000000000000000000001000000000010000100001010100000010000101 
1 7870000 000000000000000000000000000000000000000000000000010000000000000000000101 
2 7890000 000000000000000000000000000000000100000000000000000000000000000001000101 
3 8230000 000000000000000000000000000000001000001000010000000001110000000001000111 
4 8250000 000000000000000000000000000000000000000000000000000001000100110111000111 
5 8270000 000000000000000000000000000000000110011111111100010000000100011011000111 
6 8570000 000000000000000000000000000000001000000000010000100001010100000010000101 
7 8590000 000000000000000000000000000000000000000000000000010000000000000000000101 
8 8610000 000000000000000000000000000000000100000000000000000000000000000001000101 
9 8930000 000000000000000000000000000000001000001000010000000001110000000001000111 
10 8950000 000000000000000000000000000000000000000000000000000001000100110111000111 
11 8970000 000000000000000000000000000000000110011111111100010000000100011011000111 
12 9270000 000000000000000000000000000000001000000000010000100001010100000010000101 
13 9290000 000000000000000000000000000000000000000000000000010000000000001000000101 
14 9310000 000000000000000000000000000000000100000000000000000000000000000001000101 
15 9630000 000000000000000000000000000000001000001000010000000001110000000001000111 
16 9650000 000000000000000000000000000000000000000001010000010001000100010011000111 
17 9670000 000000000000000000000000000000000100000000001100000000001010010011000111 
18 9970000 000000000000000000000000000000001000000000010000100001010100000010000101 
19 9990000 000000000000000000000000000000000000000000000000010000000000001000000101 
20 10010000 000000000000000000000000000000000100000000000000000000000000000001000101 
21 10330000 000000000000000000000000000000001000001000010000000001110000000001000111 
22 10350000 000000000000000000000000000000000000000001010000010001000100010011000111 
23 10370000 000000000000000000000000000000000100000000001100000000001010010011000111 
24 10670000 000000000000000000000000000000001000000000010000100001010100000010000101 
25 10690000 000000000000000000000000000000000000000000000000010000000000010000000101 
26 10710000 000000000000000000000000000000000100000000000000000000000000000001000101 
27 11030000 000000000000000000000000000000001000001000010000000001110000000001000111 
28 11050000 000000000000000000000000000000000000000000010000000000001010010011000111 
29 11070000 000000000000000000000000000000000100000000011000101000010110110011000111 
30 11370000 000000000000000000000000000000001000000000010000100001010100000010000101 
31 11390000 000000000000000000000000000000000000000000000000010000000000010000000101 
32 11410000 000000000000000000000000000000000100000000000000000000000000000001000101 
33 11730000 000000000000000000000000000000001000001000010000000001110000000001000111 
34 11750000 000000000000000000000000000000000000000000010000000000001010010011000111 
35 11770000 000000000000000000000000000000000100000000011000101000010110110011000111 
36 12070000 000000000000000000000000000000001000000000010000100001010100000010000101 
37 12090000 000000000000000000000000000000000000000000000000010000000000011000000101 
38 12110000 000000000000000000000000000000000100000000000000000000000000000001000101 
39 12430000 000000000000000000000000000000001000001000010000000001110000000001000111 
40 12450000 000000000000000000000000000000000000000000000100000000011110011011000111 
41 12470000 000000000000000000000000000000000100000001111101111001011110010011000111 
42 12770000 000000000000000000000000000000001000000000010000100001010100000010000101 
43 12790000 000000000000000000000000000000000000000000000000010000000000011000000101 
44 12810000 000000000000000000000000000000000100000000000000000000000000000001000101 
45 13130000 000000000000000000000000000000001000001000010000000001110000000001000111 
46 13150000 000000000000000000000000000000000000000000000100000000011110011011000111 
47 13170000 000000000000000000000000000000000100000001111101111001011110010011000111 
48 13470000 000000000000000000000000000000001000000000010000100001010100000010000101 
49 13490000 000000000000000000000000000000000000000000000000010000000000100000000101 
50 13510000 000000000000000000000000000000000100000000000000000000000000000001000101 
51 13830000 000000000000000000000000000000001000001000010000000001110000000001000111 
52 13850000 000000000000000000000000000000000000000000101101111010001000100011000111 
53 13870000 000000000000000000000000000000000100000000010001111010001010000011000111 
54 14170000 000000000000000000000000000000001000000000010000100001010100000010000101 
55 14190000 000000000000000000000000000000000000000000000000010000000000100000000101 
56 14210000 000000000000000000000000000000000100000000000000000000000000000001000101 
57 14530000 000000000000000000000000000000001000001000010000000001110000000001000111 
58 14550000 000000000000000000000000000000000000000000101101111010001000100011000111 
59 14570000 000000000000000000000000000000000100000000010001111010001010000011000111 
63 14870000 000000000000000000000000000000001000000000010000100001010100000010000101 
64 14890000 000000000000000000000000000000000000000000000000010000000000101000000101 
65 14910000 000000000000000000000000000000000100000000000000000000000000000001000101 
66 15230000 000000000000000000000000000000001000001000010000000001110000000001000111 
67 15250000 000000000000000000000000000000000000000000010101010000010100010011000111 
68 15270000 000000000000000000000000000000000100000000101001111010010000100011000111 
75 15730000 000000000000000000000000000000001000000000010000100001010100000010000101 
76 15750000 000000000000000000000000000000000000000000000000010000000000101000000101 
77 15770000 000000000000000000000000000000000100000000000000000000000000000001000101 
78 16090000 000000000000000000000000000000001000001000010000000001110000000001000111 
79 16110000 000000000000000000000000000000000000000000010101010000010100010011000111 
80 16130000 000000000000000000000000000000000100000000101001111010010000100011000111 
81 16430000 000000000000000000000000000000001000000000010000100001010100000010000101 
82 16450000 000000000000000000000000000000000000000000000000010000000000110000000101 
83 16470000 000000000000000000000000000000000100000000000000000000000000000001000101 
84 16790000 000000000000000000000000000000001000001000010000000001110000000001000111 
85 16810000 000000000000000000000000000000000011110001010000000010010101110011000111 
86 16830000 000000000000000000000000000000000100000000000000000000000000000000000111 
00 00000000 000000000000000000000000000000000000000000000000000000000000000000000001
