322 41675000 100000000000000000000100000000000000000000000000000000000000000001001011 
323 41695000 000000000000000000000000000000000000000000000000010000110010011000001011 
324 41715000 010000000000000000000000000000000000000000000000010000000110000000001011 
334 42535000 100000000000000000000100000000000000000000000000000000000000000001001011 
335 42555000 000000000000000000000000000000000000000000000000000000000000000000001011 
336 42575000 010000000000000000000000000000000000000000000000000000000000000000001011 
7046 727495000 100000000000000000000100000000000000000000000000000000000000000001001011 
7047 727515000 000000000000000000000000000000000000000000000000000000000000000000001011 
7048 727535000 010000000000000000000000000000000000000000000000010000001001110110001011 
7094 732795000 100000000000000000000100000000000000000000000000000000000000000001001011 
7095 732815000 000100001000000001010000011000000101000001000000010100000010000001001011 
7096 732835000 010100010000000001010000111000000101000011000000010100001010000001001011 
7100 733495000 100000000000000000000100000000000000000000000000000000000000000001001011 
7101 733515000 000100011000000001010001011000000101000101000000010100010010000001001011 
7102 733535000 010100100000000001010001111000000101000111000000010100011010000001001011 
7106 734195000 100000000000000000000100000000000000000000000000000000000000000001001011 
7107 734215000 000100101000000001010010011000000101001001000000010100100010000001001011 
7108 734235000 010100110000000001010010111000000101001011000000010100101010000001001011 
7112 734895000 100000000000000000000100000000000000000000000000000000000000000001001011 
7113 734915000 000100111000000001010011011000000101001101000000010100110010000001001011 
7114 734935000 010110001011111001010011111000000101001111000000010100111010000001001011 
7118 735595000 100000000000000000000100000000000000000000000000000000000000000001001011 
7119 735615000 000000001011111110010000101000010100110000000000101010000001110011001011 
7120 735635000 010001001010010111010001010000010100000000000000101101100001100011001011 
7124 736395000 100000000000000000000100000000000000000000000000000000000000000001001011 
7125 736415000 001011111111011101111110101010001010101001001000110000000000000000001011 
7126 736435000 010000100100000010100000101001001100000000000000000000001010010111001011 
7130 737035000 100000000000000000000100000000000000000000000000000000000000000001001011 
7131 737055000 001011111111011101111110101010001010101001001000110000000000000000001011 
7132 737075000 010000100100000010100000101001001100000000000000000000001010010111001011 
7136 737695000 100000000000000000000100000000000000000000000000000000000000000001001011 
7137 737715000 000000000000110000000100000111001100110000010100101001000001110011001011 
7138 737735000 011111000000000000000000001101001111110000000000000000000001010011001011 
7142 738395000 100000000000000000000100000000000000000000000000000000000000000001001011 
7143 738415000 001111000000000000000000011101001111110000000000000000000101010011001011 
7144 738435000 011111000000000000000000101101001111110000000000000000001001010011001011 
7148 739075000 100000000000000000000100000000000000000000000000000000000000000001001011 
7149 739095000 001111000000000000000000011101001111110000000000000000000101010011001011 
7150 739115000 011111000000000000000000101101001111110000000000000000001001010011001011 
7154 739775000 100000000000000000000100000000000000000000000000000000000000000001001011 
7155 739795000 001111000000000000000000111101001111110000000000000000001101010011001011 
7156 739815000 011111000000000000000001001101001111110000000000000000010001010011001011 
7160 740475000 100000000000000000000100000000000000000000000000000000000000000001001011 
7161 740495000 001111000000000000000001011101001111110000000000000000010101010011001011 
7162 740515000 011111000000000000000001101101001111110000000000000000011001010011001011 
7166 741175000 100000000000000000000100000000000000000000000000000000000000000001001011 
7167 741195000 001111000000000000000001111101001111110000000000000000011101010011001011 
7168 741215000 011111000000000000000010001101001111110000000000000000100001010011001011 
7172 741875000 100000000000000000000100000000000000000000000000000000000000000001001011 
7173 741895000 001111000000000000000010011101001111110000000000000000100101010011001011 
7174 741915000 011111000000000000000010101101001111110000000000000000101001010011001011 
7178 742575000 100000000000000000000100000000000000000000000000000000000000000001001011 
7179 742595000 001111000000000000000010111101001111110000000000000000101101010011001011 
7180 742615000 011111000000000000000011001101001111110000000000000000110001010011001011 
7184 743275000 100000000000000000000100000000000000000000000000000000000000000001001011 
7185 743295000 001111000000000000000011011101001111110000000000000000110101010011001011 
7186 743315000 011111000000000000000011101101001111110000000000000000111001010011001011 
7190 743975000 100000000000000000000100000000000000000000000000000000000000000001001011 
7191 743995000 001111000000000000000011111101001111110000000000000000111101010011001011 
7192 744015000 010000001110000010100000101001001100000000000000000000001010010111001011 
7196 744675000 100000000000000000000100000000000000000000000000000000000000000001001011 
7197 744695000 000000000000000000001000011001011100110000010100101001000001110011001011 
7198 744715000 011000010111110001100000100001001100010110110000011000000110010011001011 
7202 745375000 100000000000000000000100000000000000000000000000000000000000000001001011 
7203 745395000 001111000101000000001001010111001111111100000000100111001000010011001011 
7204 745415000 010001011000010011000000001011010101110000011000110100010110000101001011 
7208 746075000 100000000000000000000100000000000000000000000000000000000000000001001011 
7209 746095000 000000000000010101000000010001001110010010001100100000000100010101001011 
7210 746115000 010100001100100000000100000110111110010001000100100000000101000110001011 
7214 746815000 100000000000000000000100000000000000000000000000000000000000000001001011 
7215 746835000 001110110111100011111111101110011110111100001000110000011110100001001011 
7216 746855000 010111000101110001100000001000001010000000100000101111111011000111001011 
7220 747455000 100000000000000000000100000000000000000000000000000000000000000001001011 
7221 747475000 000000000000000010000001001001001111101101001001101111000100100010001011 
7222 747495000 010100000010000100100001000011001100000000000000100000010000010011001011 
7226 748155000 100000000000000000000100000000000000000000000000000000000000000001001011 
7227 748175000 001000100110101010111000010101001011100101010011101000011000100010001011 
7228 748195000 010000000000000000000001011001011110000101000100101000101000101110001011 
7238 748855000 100000000000000000000100000000000000000000000000000000000000000001001011 
7239 748875000 001110100101001010111101010000011001010001010001011000010110010011001011 
7240 748895000 011111010010111111111100001110111110001010100100101111110011010110001011 
7250 749595000 100000000000000000000100000000000000000000000000000000000000000001001011 
7251 749615000 001110011110110011100000001000001001100001001001010111010000000010001011 
7252 749635000 010000011010110011100010111001110110001111110010010000000011000101001011 
7265 750275000 100000000000000000000100000000000000000000000000000000000000000001001011 
7266 750295000 001000011110101010100101100010111011001111100100010000000011000101001011 
7267 750315000 011100011100000011000001011000010100000010110101010111011101100011001011 
7271 751015000 100000000000000000000100000000000000000000000000000000000000000001001011 
7272 751035000 001111111011100111100011111010001100000111100001011111111111110101001011 
7273 751055000 010111111111100011100000001000001011111110101101100001101011100011001011 
7277 751655000 100000000000000000000100000000000000000000000000000000000000000001001011 
7278 751675000 001011011100000011000001011010000110000111101010101111111011010101001011 
7279 751695000 011111111011100111101111000010001100000111101000011111111110000101001011 
7283 752335000 100000000000000000000100000000000000000000000000000000000000000001001011 
7284 752355000 000100010110000001100011100000010100000100010000100000011000010011001011 
7285 752375000 011111011111011111111100001110111100000000100010101000010100110011001011 
7289 753075000 100000000000000000000100000000000000000000000000000000000000000001001011 
7290 753095000 001000000010000010100000001000001011111110110101111110101011100011001011 
7291 753115000 011001011000101010100010111001110100000000110001010110011110110011001011 
7295 753735000 100000000000000000000100000000000000000000000000000000000000000001001011 
7296 753755000 001000011110101010110010111001000100001111111101011111010110010011001011 
7297 753775000 011000111110100011000001111000010100000010110001010111101001100011001011 
7301 754435000 100000000000000000000100000000000000000000000000000000000000000001001011 
7302 754455000 001000000010000010111111101111011000011101111000111111111010110111001011 
7303 754475000 010001010110010011100011110100110100000000100001011001011100010011001011 
7310 755275000 100000000000000000000100000000000000000000000000000000000000000001001011 
7311 755295000 001110011101011111111100001110111110000101110100101000010101001110001011 
7312 755315000 010010101111000000000000001110111101000101000000010100010110000001001011 
7430 761255000 100000000000000000000100000000000000000000000000000000000000000001001011 
7431 761275000 001110011101011111111100001110111110000101110100101000010101001110001011 
7432 761295000 010010101111000000000000001110111101000101000000010100010110000001001011 
7442 761935000 100000000000000000000100000000000000000000000000000000000000000001001011 
7443 761955000 000011001101100000000000000110111110100000000000011100000011110111001011 
7444 761975000 010111000101111001100000001000001010100000000000011100000100010001001011 
7454 762795000 100000000000000000000100000000000000000000000000000000000000000001001011 
7455 762815000 001000000010000010000000010100000101010101011111010110000010100010001011 
7456 762835000 010000010100010011000000000000000000000101000101110001000101000001001011 
7460 763455000 100000000000000000000100000000000000000000000000000000000000000001001011 
7461 763475000 001011111100011111111100001110111111100100000001100001110111100101001011 
7462 763495000 011000000010000010000000010100000101000101000000010110000010100010001011 
7466 764135000 100000000000000000000100000000000000000000000000000000000000000001001011 
7467 764155000 000000001100010011011100010001110110000000100000100110000101000101001011 
7468 764175000 011111110000110110111110000011001011110100001011100000001010000001001011 
7475 764815000 100000000000000000000100000000000000000000000000000000000000000001001011 
7476 764835000 000000000000000000000001010001011110000110100110101000011000101010001011 
7477 764855000 011110110000000110010001011000000111101100011001010000010100010011001011 
7490 765515000 100000000000000000000100000000000000000000000000000000000000000001001011 
7491 765535000 001110110011000110111010001100001011100100101111101110000010111010001011 
7492 765555000 010110000011100010101111001111111111110000111011111110010000011010001011 
7499 766255000 100000000000000000000100000000000000000000000000000000000000000001001011 
7500 766275000 000000000000000000000000000000000000000000000000000000000000000000001011 
7501 766295000 011110001011001010111001101010011011101010101000100111000100001101001011 
7514 766935000 100000000000000000000100000000000000000000000000000000000000000001001011 
7515 766955000 001110111010000110111011100101111011110010010110101111101001010010001011 
7516 766975000 011110011001100110111010100110001011110110010101101111111001001110001011 
7532 767715000 100000000000000000000100000000000000000000000000000000000000000001001011 
7533 767735000 001000010000110010100001001010111010001001001010101110001001101010001011 
7534 767755000 010001101100010111000000100101000000001010000100111000101110110110001011 
7550 768495000 100000000000000000000100000000000000000000000000000000000000000001001011 
7551 768515000 001010000000101001100000000010101100001011000100110000000000000000001011 
7552 768535000 011001100100000010000001000000010110000101101001101100000100110001001011 
7565 769175000 100000000000000000000100000000000000000000000000000000000000000001001011 
7566 769195000 001111111101000101000110101110001100000000000001000100010100000011001011 
7567 769215000 010000000000010100000010101001001100000000000101000100011010000011001011 
7580 769895000 100000000000000000000100000000000000000000000000000000000000000001001011 
7581 769915000 000000000000000000000000000000000000001010000010100111001001100101001011 
7582 769935000 010111001001100110001000000110111101101100011011000110010101001000001011 
7586 770655000 100000000000000000000100000000000000000000000000000000000000000001001011 
7587 770675000 001110000110011100000001111000010101100001100111000000000010100111001011 
7588 770695000 010010010110000011111000000010001000010001010000011000000010000010001011 
7592 771315000 100000000000000000000100000000000000000000000000000000000000000001001011 
7593 771335000 001110010000000110000000000000001000000111100100110000010000000010001011 
7594 771355000 011000000000100011000000000001010110000111000110111001011110101110001011 
7601 772015000 100000000000000000000100000000000000000000000000000000000000000001001011 
7602 772035000 000100011110101001000001001110001000100000001000110000000010100111001011 
7603 772055000 010000001111110000000001111001001100000000111101010000101101100011001011 
7607 772435000 100000000000000000000100000000000000000000000000000000000000000001001011 
7608 772455000 000000000000000000000000000000000000000000000000000000000000000000001011 
7609 772475000 010000000000000000000000000000000000000000000000000000000000000000001011 
7613 772855000 100000000000000000000100000000000000000000000000000000000000000001001011 
7614 772875000 000110010000000010011000001010001000000000111101110000011101100011001011 
7615 772895000 010000011110010011100000001000001000000001010000010100010100000001001011 
7628 773615000 100000000000000000000100000000000000000000000000000000000000000001001011 
7629 773635000 000000000000000000000000000000000010000000000000000001101000111001001011 
7630 773655000 010000000000000000000000000000000010000000000000000001000010000000001011 
7634 774035000 100000000000000000000100000000000000000000000000000000000000000001001011 
7635 774055000 000101100111111101000000100000000000001100000100111000011101010110001011 
7636 774075000 010000010101010000000001100001001101000101000000010101110011111101001011 
7724 783115000 100000000000000000000100000000000000000000000000000000000000000001001011 
7725 783135000 000000101000100001010100000101001101000101001000000110110101101111001011 
7726 783155000 010000000000000000000000000000000000000000000000000000000000000000001011 
7820 792635000 100000000000000000000100000000000000000000000000000000000000000001001011 
7821 792655000 000000000000000010000001010001001110010111001111100000000000000010001011 
7822 792675000 010011110011100000000000001110111100000000000001110000000000100011001011 
7832 793375000 100000000000000000000100000000000000000000000000000000000000000001001011 
7833 793395000 000001000010000111101000000010001101100000000000000000011110110111001011 
7834 793415000 011110010000000110111000000010001000010001010000011011011111011101001011 
7841 794035000 100000000000000000000100000000000000000000000000000000000000000001001011 
7842 794055000 001110010100001001000000000000010001000101000000111000010000101010001011 
7843 794075000 011000000010000010000000010100000101100100000000100110000010100010001011 
7853 794775000 100000000000000000000100000000000000000000000000000000000000000001001011 
7854 794795000 000110010000000010011000001010001000000100000000100010000000100011001011 
7855 794815000 010010011111110011100000001000001000000001010000010100010100000001001011 
7859 795195000 100000000000000000000100000000000000000000000000000000000000000001001011 
7860 795215000 000111001001100110001000000110111101101100011011000110010101001000001011 
7861 795235000 010000101000100001010100000101001101000101001000000110110101101111001011 
7865 795875000 100000000000000000000100000000000000000000000000000000000000000001001011 
7866 795895000 001011011111110101000001000000010111111010100111111111000011101111001011 
7867 795915000 010000101000100000000001111001001101100000000000000000011100110111001011 
7871 796515000 100000000000000000000100000000000000000000000000000000000000000001001011 
7872 796535000 001000000010000010110111111110110110001011100100010001000001000111001011 
7873 796555000 011110010000100110111011000000011011101000001000100001000100000001001011 
7877 797175000 100000000000000000000100000000000000000000000000000000000000000001001011 
7878 797195000 000000001011110101000100110110001110000100001010100100011110101001001011 
7879 797215000 011111110111111111111100001110111101100000000000000000010010110111001011 
7892 797935000 100000000000000000000100000000000000000000000000000000000000000001001011 
7893 797955000 001111000001101111011000010000010101100100101000100110000011100010001011 
7894 797975000 010010010000000001111111000001111111110000111011111111110001011111001011 
7898 798615000 100000000000000000000100000000000000000000000000000000000000000001001011 
7899 798635000 001000100100010001000100000100011110100101000000110110000000000000001011 
7900 798655000 010010011110000011011000000000000000000111001101111000000010000010001011 
7911 800375000 100000000000000000000100000000000000000000000000000000000000000001001011 
7912 800395000 001111110101111111111100001110111100010000100001001010000000100011001011 
7913 800415000 010110010001000010000100001111010010100000001000110100011110110101001011 
7917 801095000 100000000000000000000100000000000000000000000000000000000000000001001011 
7918 801115000 000000000000000000000000000000000010000000000000000001101010000000001011 
7919 801135000 010000000000000000000000000000000010000000000000000001011101010100001011 
7923 801775000 100000000000000000000100000000000000000000000000000000000000000001001011 
7924 801795000 000000000000000000000000000000000000000000000000000000000000000000001011 
7925 801815000 010000000000000000000000000000000000000000000000000000000000000000001011 
8240 854455000 100000000000000000000100000000000000000000000000000000000000000001001011 
8241 854475000 000000000000000000000000000000000000000000000000000000000000000000001011 
8242 854495000 010000000000000000000000000000000000000000000000000000000000000000001011 
8246 855255000 100000000000000000000100000000000000000000000000000000000000000001001011 
8247 855275000 000000000000000000000000000000000010000000000000000001101001001000001011 
8248 855295000 010000000000000000000000000000000010000000000000000001001101110000001011 
8255 856355000 100000000000000000000100000000000000000000000000000000000000000001001011 
8256 856375000 000100001110011100100101111101101000000111100010100001110011110110001011 
8257 856395000 010110010001010110011000001111011010000111100000101001011111011010001011 
8261 856995000 100000000000000000000100000000000000000000000000000000000000000001001011 
8262 857015000 000111101001010010011110011111001001101001000101100110010010110110001011 
8263 857035000 010110110001010010011010111111001001111011000100100111101010110010001011 
8267 857415000 100000000000000000000100000000000000000000000000000000000000000001001011 
8268 857435000 000000000000000000000000000000000000000000000000000000000000000000001011 
8269 857455000 010000000000000000000000000000000010000000000000000001010001111110001011 
8273 857835000 100000000000000000000100000000000000000000000000000000000000000001001011 
8274 857855000 001000000010000010011000010011010101101101000100100110110010110010001011 
8275 857875000 011000011100100010000000000001011101000110100000111000110000110110001011 
8279 858255000 100000000000000000000100000000000000000000000000000000000000000001001011 
8280 858275000 000000000000000000000000000000000000000000000000000000000000000000001011 
8281 858295000 010000000000000000000000000000000010000000000000000001101010000000001011 
8285 859035000 100000000000000000000100000000000000000000000000000000000000000001001011 
8286 859055000 000000000000000000000000000000000000000000000000000000000000000001001011 
8287 859075000 010000000000000000000000000000000000000000000000000000000000000000001011 
8291 859815000 100000000000000000000100000000000000000000000000000000000000000001001011 
8292 859835000 000000000000000000000000000000000000000000000000000000000000000000001011 
8293 859855000 010000000000000000000000000000000010000000000000000001101010000000001011 
8297 860595000 100000000000000000000100000000000000000000000000000000000000000001001011 
8298 860615000 000000000000000000000000000000000000000000000000000000000000000000001011 
8299 860635000 010000000000000000000000000000000000000000000000000000000000000000001011 
8303 861375000 100000000000000000000100000000000000000000000000000000000000000001001011 
8304 861395000 000000000000000000000000000000000000000000000000000000000000000000001011 
8305 861415000 010000000000000000000000000000000000000000000000000000000000000000001011 
8309 861795000 100000000000000000000100000000000000000000000000000000000000000001001011 
8310 861815000 000111000100011101100000001000001001100001001001010100010100000001001011 
8311 861835000 011110010000101010111100000010001000000011000000010000001100010011001011 
8315 862215000 100000000000000000000100000000000000000000000000000000000000000001001011 
8316 862235000 000000000000000000000000000000000000000000000000000000000000000000001011 
8317 862255000 010000000000000000000000000000000010000000000000000001100001101000001011 
8321 863015000 100000000000000000000100000000000000000000000000000000000000000001001011 
8322 863035000 000000000000000000000000000000000000000000000000000000000000000000001011 
8323 863055000 010000000000000000000000000000000010000000000000000001010110100000001011 
8327 863695000 100000000000000000000100000000000000000000000000000000000000000001001011 
8328 863715000 000100110000000100000001000001001100000000000000000000010000010111001011 
8329 863735000 010111100100010011000000111111000100001001000100110110000000010100001011 
8333 864395000 100000000000000000000100000000000000000000000000000000000000000001001011 
8334 864415000 000110010000010100111001101001010110001001101010101111110000001001001011 
8335 864435000 011110000100011111111100001110111110000101010011101110011010000001001011 
8339 864815000 100000000000000000000100000000000000000000000000000000000000000001001011 
8340 864835000 000000000000000000000000000000000000000000000000000000000000000000001011 
8341 864855000 010000000000000000000000000000000000000000000000000000000000000000001011 
8345 865235000 100000000000000000000100000000000000000000000000000000000000000001001011 
8346 865255000 000011001100100011000000000000000000000111000101111000111110011001001011 
8347 865275000 010000000000010101000101111001001110000000100000100110101011110111001011 
8351 865875000 100000000000000000000100000000000000000000000000000000000000000001001011 
8352 865895000 000000000000000000000001110001011100000000000101111110011110010011001011 
8353 865915000 010110011110000101101000000000000111000010111101110011011000100011001011 
00   000000000 000000000000000000000000000000000000000000000000000000000000000000000001
